1
564 1124 195553068591 282
183 186 423218814
538 540 827109539
259 261 665331788
542 543 919113700
149 152 131308421
135 138 466894303
116 117 216235238
506 508 366442006
346 348 64006716
186 187 995831099
429 432 826226669
334 335 901686681
543 546 911261978
357 360 595267358
528 530 411167695
418 419 815865002
65 67 998150562
117 120 11657696
489 492 748400091
306 308 448385148
233 235 311940199
187 190 997447486
485 487 47254869
143 146 352008441
401 403 234208310
385 387 915904643
549 552 609476922
509 512 291836438
457 459 865990082
174 176 754400111
134 136 805381699
350 351 839049490
221 224 158740091
395 397 672381262
446 448 291595687
442 444 760557993
141 144 271797447
14 16 699838820
314 316 840320696
508 510 143297784
68 69 163372276
488 490 737527804
449 452 483763439
499 502 610683167
283 286 697156470
212 213 594844017
293 296 630146555
75 77 569466947
428 429 234008416
473 475 103752862
276 278 497925199
477 479 520893712
110 112 768009067
167 170 594653895
12 14 472972684
73 75 74249506
318 319 711812444
370 372 279321173
12 13 884862269
271 273 117834286
351 354 58832691
439 441 994886437
484 486 534075739
410 412 957689794
529 531 45557247
370 371 389168319
322 324 870090914
468 469 664356543
153 155 12228855
493 495 554281663
434 435 57285639
447 449 118813134
68 70 406603296
291 294 310762003
265 268 374164204
291 293 253902493
229 231 599168056
423 425 624722202
556 557 557559078
433 436 180375085
248 250 705682717
463 465 363403710
524 525 51039604
26 28 660463565
297 300 941106109
70 71 607415637
413 416 790447105
282 284 562744624
204 205 65707999
245 248 501757465
553 555 138404208
541 543 382158054
507 509 251111237
353 355 225628514
465 468 396103403
270 272 367738999
516 517 482048093
347 349 879703900
34 36 815835952
273 275 625474734
499 501 755266764
431 434 997920885
399 402 71961033
2 4 681370259
501 504 477505984
407 410 119277408
158 159 481911927
189 192 208104938
409 411 677616359
278 280 63948323
32 33 675226370
452 454 591458564
526 528 595390822
373 375 561181216
521 524 795268533
368 370 765788659
247 250 558817969
534 536 492071458
481 483 885919364
520 522 591103147
390 391 833366449
215 217 99252742
276 277 618448828
448 449 324969172
130 131 12347979
243 246 699998959
16 17 414992194
30 31 717512860
173 175 828829663
77 79 937018190
527 529 716270112
183 185 326556370
487 490 622226086
122 124 585169285
452 453 998192044
162 164 43392419
298 299 118178752
246 247 801559443
108 110 848367989
544 545 94951009
3 5 591709924
57 59 102877208
532 533 508563573
417 419 430094303
420 421 957470782
184 186 11364846
220 222 829414256
547 549 259857640
332 334 17439173
201 203 47139772
25 27 502791023
238 240 326441138
151 154 984453008
382 384 328433638
288 289 562453941
80 82 237471270
147 150 877042864
146 147 718503414
544 546 604101168
345 348 924932638
61 64 12972801
377 380 601362611
148 149 588484143
395 398 330245483
380 382 734746140
259 262 618854290
72 74 501311611
125 127 183549598
350 352 333038809
46 48 238230773
178 179 326827539
510 512 628543643
221 223 575099747
331 334 544549469
558 559 865622609
476 477 434395569
498 499 543121072
483 485 552414950
418 420 467995979
351 353 211506460
52 54 664903241
156 158 204987263
163 166 576705508
515 518 507394960
58 59 341965181
258 259 530899255
226 228 174024575
172 174 665173934
440 441 769290012
406 408 854544521
104 106 645277921
0 2 830598276
545 548 267328071
500 502 675438632
33 35 738704391
132 134 288721555
203 205 302341664
386 387 3425000
192 194 377105196
501 503 758309092
15 17 907786989
74 76 440506291
448 450 169179469
213 216 782771232
325 327 549079041
472 473 35472489
349 351 367606818
316 318 958966295
315 317 439448612
303 305 644234931
360 362 636984457
260 261 157092667
114 115 806586124
171 173 638934929
13 15 914615300
42 44 945985752
470 472 842724150
74 75 38680759
469 472 736755346
547 550 941269845
174 175 926533553
283 285 798343797
69 72 276522173
301 303 170255690
430 432 899572988
32 34 218634068
233 236 142695650
209 212 652752330
151 153 161251601
182 183 811372825
251 253 4796568
58 60 914974130
279 282 597157029
513 515 706022856
359 362 769798574
231 234 31228320
95 98 75405534
196 197 211750159
154 155 641975243
62 64 567202648
313 316 395828451
462 464 905127156
35 38 252258948
273 276 581392830
503 506 943550753
526 527 18936395
23 25 384240471
146 148 190396032
136 138 169998845
236 237 282165159
320 321 130509703
518 520 444005149
101 103 175271596
382 383 934201210
413 415 69454279
49 52 555979212
87 89 880297221
320 322 174596355
138 140 276523267
67 70 185469529
363 365 295434518
419 421 166112480
57 60 291310045
164 166 357815653
193 195 987936082
5 8 208715683
378 380 612635635
225 227 330101117
465 467 853762719
292 293 329764827
134 135 530008298
411 414 311125472
476 478 413621707
410 411 408393511
495 497 538700003
443 446 401226958
472 474 781740858
193 196 10180888
285 288 428252894
2 3 705861926
390 392 171285954
258 260 655689479
455 458 56676110
551 553 798151433
458 460 759311123
278 279 374812448
486 488 537578450
264 265 188231858
27 29 178683995
497 500 76629327
305 308 769797366
114 116 59071629
535 538 812785119
261 263 886579183
560 561 74475348
10 12 278407707
464 466 293230869
133 136 59898733
444 446 197096634
240 241 448609283
79 82 670690853
16 18 314817749
55 58 354731887
202 204 828859952
433 435 898704370
270 271 656988281
456 458 29438237
84 85 232057547
408 410 792202711
384 385 276082122
412 414 225900139
87 90 861153128
251 254 23948458
262 263 81537406
536 538 893190059
559 562 554443254
189 191 625192006
126 127 344651174
176 178 302077006
109 111 273660892
414 416 188675631
219 222 962999844
473 476 830353227
375 378 29429201
321 323 190662013
367 370 356451209
147 149 687219288
184 185 484134581
422 423 627990182
94 96 151447761
523 526 355429440
207 209 703809225
176 177 122775456
217 219 911158103
419 422 906682240
98 100 686408180
322 323 713092657
426 428 320607675
24 26 550687990
337 340 800670215
124 125 864316083
123 125 992357472
451 454 738048477
376 377 422892058
505 508 74784279
440 442 526719835
172 173 335623728
59 61 208777629
111 113 972010061
551 554 357341560
91 93 943151961
494 496 648720121
82 83 183606447
503 505 920710984
6 8 293719479
432 434 165645072
280 282 966050047
275 277 783003656
361 364 514020756
542 544 256316943
76 77 249470678
36 38 614510426
95 97 548422731
81 83 291252173
181 183 479749694
38 39 597444
89 92 3894208
369 371 452893574
130 132 818948382
117 119 397203687
59 62 542309584
116 118 596815645
339 341 199714119
200 202 920410717
359 361 859439077
342 343 512827578
447 450 919163824
106 107 813130592
436 438 467914495
197 199 958068554
202 203 463185622
389 392 110319905
366 368 246732229
445 447 392497870
83 86 272673517
205 207 83093194
180 182 549152276
330 332 198140253
150 152 139330886
196 198 355021383
177 179 850275210
554 556 799017037
109 112 982226737
207 210 251754173
304 306 164655150
161 164 423932960
374 375 529354038
512 514 35129354
252 254 612321483
393 395 12887647
190 192 247696641
41 43 80457814
31 34 123525703
316 317 735739100
488 489 214932923
234 235 198447498
530 531 878605046
533 535 75092135
239 241 562360034
163 165 187171579
157 159 704684324
120 122 778476085
535 537 607305378
387 389 853893110
8 9 897502413
44 46 630962372
423 426 21219411
5 7 55018904
475 478 771608378
318 320 954211176
142 143 915036725
79 81 405070489
168 170 255790650
255 257 396725312
53 56 468084734
118 119 567459565
305 307 756032468
235 238 5614198
60 62 232494506
197 200 903309657
357 359 975964491
344 345 348069399
250 252 854630884
113 115 616455295
336 338 883436368
392 394 155161955
518 519 13454080
263 265 261168223
455 457 70025703
145 147 320771170
338 339 669040684
454 456 790139396
161 163 97931307
520 521 448336560
293 295 70393456
213 215 446283787
333 336 591551342
352 354 20694160
90 92 588790326
295 297 653778834
260 262 585235632
238 239 663713069
341 344 569227821
139 142 5665562
443 445 685525188
111 114 495500933
51 53 891271167
227 230 579053264
529 532 736429396
55 57 858475285
126 128 810312241
158 160 497108235
105 108 425544062
131 134 755898872
296 298 845490622
188 190 593171275
112 113 90948023
477 480 436560232
225 228 235829294
127 129 608761280
335 338 253451100
22 23 901037765
108 109 50252563
246 248 577251463
354 355 956926976
119 122 32808312
531 533 905184378
1 4 856869031
218 220 418694844
378 379 292209352
308 309 697075979
536 537 691306945
416 418 304736993
342 344 574286816
312 314 770423041
64 66 830543831
405 407 737657898
102 104 470657709
121 124 909176363
223 225 280117273
115 117 741563676
88 90 829350867
228 230 198490270
519 522 87278180
379 381 713685137
491 494 240569413
191 194 31511666
199 202 652542469
17 20 226300154
332 333 618898920
559 561 636504181
490 492 221006982
415 417 462285502
400 402 886752487
256 257 129120497
208 210 945871358
38 40 971830278
141 143 28207603
100 101 9920255
539 541 813243174
363 366 694195431
224 225 640441965
105 107 287373101
480 481 972193510
509 511 386358138
307 310 996173663
333 335 408894757
341 343 107204504
86 88 129119417
64 65 48263961
261 264 15068974
98 99 343216284
336 337 152408685
272 273 223107703
81 84 48090160
507 510 768349475
76 78 408170362
35 37 167555526
33 36 229246288
294 295 816049791
4 6 136047480
85 87 691458009
215 218 511383075
478 479 532387592
284 285 123665709
321 324 630257427
534 535 589392195
555 558 208151777
86 87 189985349
244 246 224727197
216 217 586342317
401 404 425720196
94 95 896938325
496 497 706993106
138 139 687169565
149 151 66401732
475 477 850227838
175 177 392571802
234 236 39608269
250 251 947172312
159 162 698600967
495 498 624738816
154 156 15845011
128 130 122847246
136 137 598712262
490 491 590167925
457 460 581320315
217 220 860817067
319 321 105510887
502 503 846706316
394 395 241264169
129 131 416053473
466 467 120241929
461 463 391590160
78 80 487872915
282 283 311179931
406 407 215600634
17 19 314706547
343 346 596802073
340 342 85922994
22 24 526989802
288 290 640703392
389 391 96175768
45 48 167539721
107 109 507080733
340 341 725153348
287 290 394349742
267 270 697627256
437 440 957545466
355 357 313141463
46 47 535856121
427 430 171844615
399 401 505785911
21 23 153610801
450 452 183601482
232 234 199112725
562 563 806885441
241 243 866114053
245 247 253197408
277 280 65665990
505 507 213259250
289 291 956512377
525 528 840454174
279 281 724863686
206 208 255853631
368 369 20373046
317 320 860560169
343 345 103273721
228 229 890560278
30 32 546529854
304 305 150149676
135 137 697983073
99 102 302853666
500 501 277718204
494 495 37830612
72 73 877002215
414 415 919367724
118 120 114570707
128 129 636597109
208 209 885735966
409 412 921004197
541 544 276985165
104 105 318933724
512 513 368358386
391 393 147357643
478 480 659871585
300 301 775414974
9 12 236258037
299 301 708248714
376 378 329643111
327 330 502650262
241 244 874178731
450 451 757831802
145 148 816723002
75 78 947595326
252 253 681068790
380 381 618116004
550 551 115269518
398 400 82000173
514 516 869296007
362 363 810262656
37 40 608405686
255 258 133713123
339 342 222316776
298 300 307399490
220 221 864259879
402 403 230648804
268 270 425025120
47 50 327538732
156 157 465897453
56 57 989766071
209 211 599303008
331 333 396357780
150 151 425085370
425 427 129470269
324 325 12399334
441 444 482872965
7 9 297320691
361 363 271452947
511 513 908234043
93 95 184244666
543 545 709620095
254 256 254082680
177 180 814015372
325 328 10715571
548 549 90982471
517 519 615488166
254 255 360261188
469 471 493011976
485 488 419272838
295 298 68138538
454 455 426056103
314 315 480416146
237 240 205186229
557 559 867191004
160 162 409153210
523 525 615633409
39 41 504899293
195 197 227789829
10 11 145752274
277 279 787463523
554 555 763076675
552 553 7491288
424 426 573712305
411 413 470053658
560 562 540957689
384 386 943553778
525 527 29905825
504 506 375434695
194 196 725488335
39 42 944266255
537 540 212130800
466 468 869977572
558 560 224141450
383 385 284599004
377 379 281138801
205 208 895586304
400 401 153671705
120 121 764775636
561 563 454732379
210 211 302900990
360 361 341343901
125 128 905947328
515 517 494686173
19 21 938099014
555 557 692698287
80 81 104277048
524 526 544235703
159 161 564023775
85 88 904490048
367 369 301266675
346 347 510022193
301 304 127044562
92 94 929137986
439 442 60264096
289 292 113885341
243 245 163383970
300 302 504566011
328 330 759623840
157 160 501739003
185 188 702907
548 550 538866627
50 51 689044433
415 418 395978186
69 71 100044685
188 189 68754434
307 309 55037114
50 52 637712791
92 93 981694731
42 43 912980124
290 291 214786668
365 368 590062787
239 242 811727321
198 200 131584766
435 437 803683971
142 144 560620955
265 267 601937021
40 41 371358824
434 436 948583310
460 461 405462780
387 390 254512296
506 507 422567423
210 212 353029342
89 91 8373373
144 145 770647914
231 233 719382134
97 100 240160744
34 35 234102477
353 356 679526209
372 374 975135240
498 500 465139362
77 80 407210565
391 394 296360847
84 86 842712761
124 126 200222159
214 216 632517593
329 332 107406349
323 325 409340662
449 451 881148334
347 350 115244258
186 188 149506585
373 376 399555433
19 22 183530163
467 470 634442316
171 174 107961898
211 214 475583474
11 14 39106497
280 281 466794130
152 154 446822246
486 487 243469542
371 374 335489707
182 184 477432914
190 191 520156857
103 106 87942456
169 171 604540525
83 85 596121020
112 114 840134070
20 22 176327882
137 140 152318714
269 271 184112809
216 218 319986417
492 493 709110843
29 31 86373341
315 318 693671586
402 404 969453779
198 199 495568204
349 352 320843033
263 266 919681835
11 13 490215974
538 539 949452884
93 96 142348912
52 53 372021921
445 448 643901383
107 110 761263744
218 219 625973476
63 66 373642846
311 313 393617639
40 42 799505132
179 182 344922230
290 292 807943260
416 417 216499234
24 25 826644239
284 286 744556047
330 331 334458360
227 229 567304523
531 534 317517386
168 169 528571561
540 541 843938365
302 304 479631136
140 141 836493197
386 388 232131460
129 132 99889933
240 242 500984376
269 272 742587781
170 172 59931096
212 214 923627550
358 360 927476911
522 524 118641973
356 357 503887005
275 278 15852886
474 476 351109023
497 499 33970419
421 424 47971333
153 156 410683305
453 455 492414393
164 165 931183369
344 346 76285167
45 47 97907057
222 223 736579049
530 532 986071603
329 331 720010944
54 55 309257816
167 169 541322667
431 433 992880560
292 294 76352891
294 296 858424020
286 288 296351765
405 408 429825417
493 496 366211259
487 489 699345218
281 284 228907301
103 105 850911006
432 433 812851536
237 239 299617626
152 153 893551100
393 396 67190381
236 238 178925372
165 167 626812111
546 547 848335283
489 491 173899071
403 405 42962032
425 428 582867932
137 139 58649421
396 398 508526806
96 97 492096442
394 396 627476978
379 382 819026878
43 46 112707341
545 547 527979870
37 39 284424783
462 463 559731685
451 453 537522256
43 45 280041741
67 69 235935444
226 227 833698141
100 102 849512786
274 276 511497051
123 126 598536455
453 456 647624309
9 11 71170304
546 548 921315205
244 245 453122867
480 482 384578280
517 520 889059515
460 462 810367616
127 130 752095940
96 98 205436446
372 373 109325464
194 195 519793997
365 367 895017480
97 99 55732325
407 409 824469124
422 424 372275597
173 176 160337055
66 68 103852030
312 313 803956308
484 485 68785192
328 329 267971619
309 311 392299075
272 274 42003359
481 484 489775218
155 157 145614061
179 181 248736697
311 314 201802335
527 530 313433209
206 207 758151249
232 233 785098359
14 15 926594901
148 150 810820460
27 30 391065501
230 231 665688093
71 73 563490719
388 390 85198186
119 121 120972206
364 366 745388519
201 204 36292604
264 266 576500646
441 443 238637740
483 486 69856911
36 37 390773754
63 65 620838755
519 521 973930768
537 539 625182822
166 168 667634214
20 21 764855720
160 161 290255457
326 327 205004573
235 237 712234505
366 367 415624294
31 33 855729360
467 469 291147352
404 405 523267460
266 267 944726187
286 287 743633221
438 439 259788427
49 51 669178208
23 26 764312194
496 498 449763545
511 514 493853150
464 465 388409981
262 264 997607655
18 20 588948231
468 470 398895171
374 376 338159579
249 251 440334552
403 406 797141671
412 413 963103954
348 349 544587678
532 534 89467411
385 388 925207846
355 358 701237251
381 384 884860589
319 322 34953826
48 49 680493096
459 461 1025011
73 76 797344723
6 7 705190620
285 287 663702115
557 560 609535837
230 232 914021148
308 310 901833131
113 116 626636429
28 29 987928528
211 213 744261960
60 61 210130067
326 328 103420351
267 269 431543094
356 358 793897740
297 299 45743480
437 439 719452869
491 493 409554260
427 429 392355769
474 475 436264241
323 326 139225226
242 243 151263101
53 55 258593322
430 431 39282595
338 340 617106433
122 123 141406077
219 221 456081183
28 30 968879098
214 215 204290100
436 437 589855090
479 481 769240783
266 268 438094963
15 18 276034969
155 158 446940497
1 3 168811800
191 193 782728373
310 312 649669454
299 302 508938865
404 406 213971665
459 462 389411054
303 306 898757460
274 275 787614176
516 518 45791388
421 423 194601932
253 256 484963013
552 554 415608652
185 187 953201076
375 377 502309220
510 511 106707535
521 523 290710785
224 226 288071989
257 259 592522722
101 104 856087648
309 312 688002416
13 16 76476692
248 249 386279892
317 319 583803753
41 44 433020363
539 542 396043116
253 255 225296338
44 45 176432312
313 315 24443947
528 529 422000297
48 50 25257677
110 111 696476332
229 232 355690469
62 63 113565406
381 383 514008963
115 118 40535340
70 72 219162761
482 483 760238098
463 466 124465299
222 224 576648813
397 400 561833483
471 474 868589251
388 389 971309123
446 447 332614588
29 32 889738849
369 372 228536917
424 425 403569460
392 393 726422296
550 552 192266924
140 142 992189730
61 63 40246209
470 471 29245062
88 89 682779042
90 91 616865998
383 386 924920599
352 353 772549516
335 337 843977359
522 523 104133705
397 399 118531208
180 181 864924023
508 509 281557519
65 68 62169758
247 249 48060835
442 443 576165630
417 420 653700012
54 56 117829936
8 10 619487349
25 28 462821001
271 274 111257932
47 49 622828381
345 347 778373403
195 198 636951929
121 123 357628344
21 24 510616047
456 457 48099498
310 311 905592662
337 339 658084463
102 103 968789327
166 167 319305141
162 163 582101549
165 168 388021045
78 79 409976683
143 145 558942302
327 329 120329607
223 226 660389454
106 108 441415789
187 189 979574777
181 184 854572498
364 365 511661371
7 10 804517395
71 74 721283378
504 505 821123421
408 409 955885524
556 558 435014738
471 473 348697333
199 201 885942092
200 201 25847139
175 178 214724126
420 422 917855264
281 283 871881795
18 19 661706783
324 326 181567855
256 258 159647564
296 297 902338087
513 516 855250941
178 180 345890150
132 133 454755961
204 206 602758481
514 515 652547240
268 269 986075568
362 364 365651433
435 438 54410082
26 27 325628484
533 536 404159424
502 504 144144433
429 431 150712537
99 101 705919747
170 171 282861259
242 244 984742843
203 206 826639726
334 336 297120145
396 397 788808753
306 307 217398955
287 289 385358503
51 54 128565637
169 172 282649637
257 260 450321707
91 94 597705681
549 551 225090141
66 67 12687947
56 58 544303702
426 427 757962529
354 356 214222001
438 440 976379168
371 373 706965890
398 399 204603593
131 133 901588502
540 542 512537238
348 350 975338611
461 464 556150186
192 193 251425606
139 141 73203936
458 459 305209273
492 494 649604961
428 430 876883937
144 146 213741072
82 84 979021359
444 445 764025202
3 6 142234695
358 359 274780826
4 5 824263169
133 135 385743208
302 303 305903633
0 1 720245273
249 252 325726114
482 484 578570080
553 556 123559083
479 482 789696954